Command: moments.py ac-ala-ome.xyz -r 13,14,15,16  -o ac-ala-ome-r13141516-moments.csv -p ac-ala-ome-r13141516 > ac-ala-ome-r13141516-output.txt

Initial coordinates
Atom   Mass        X (A)         Y (A)         Z (A)
C     12.000000   -3.34552728   -1.10313280    0.10809435
H      1.007825   -4.12077428   -0.65241980    0.72277835
H      1.007825   -2.94851228   -1.97921980    0.61456335
H      1.007825   -3.80366328   -1.40530080   -0.83061365
C     12.000000   -2.29699228   -0.05798180   -0.18516365
N     14.003074   -1.03548628   -0.36847680    0.21283535
H      1.007825   -0.80778628   -1.27605180    0.58525735
O     15.994915   -2.56292328    1.00254120   -0.73953865
C     12.000000    0.06784072    0.51663720   -0.06772765
H      1.007825   -0.03301628    0.90264520   -1.08290065
C     12.000000    1.33607872   -0.29932580    0.02209335
O     15.994915    1.40151472   -1.43146080    0.45407535
O     15.994915    2.39165272    0.40171720   -0.41086765
C     12.000000    3.64201872   -0.29933880   -0.31279765
H      1.007825    4.38826272    0.38718020   -0.69328065
H      1.007825    3.84851572   -0.55883580    0.72165535
H      1.007825    3.61298872   -1.20656880   -0.90944365
C     12.000000    0.12169772    1.69666820    0.90244235
H      1.007825   -0.81229028    2.24712920    0.82907035
H      1.007825    0.24439272    1.33503020    1.92254535
H      1.007825    0.94878272    2.35782020    0.65464935

Principal Axis Coordinates
Atom   Mass        a (A)         b (A)         c (A)
C     12.000000    3.36632102    1.03556563    0.12894092
H      1.007825    4.13722911    0.54481447    0.71788111
H      1.007825    2.98936044    1.89643847    0.67525481
H      1.007825    3.82350396    1.36897870   -0.79959895
C     12.000000    2.29633137    0.02340750   -0.20033798
N     14.003074    1.04367867    0.33988530    0.22026959
H      1.007825    0.83565721    1.23480242    0.63268716
O     15.994915    2.53843783   -1.01723913   -0.80133635
C     12.000000   -0.07799881   -0.51193848   -0.08909869
H      1.007825    0.00852349   -0.85610110   -1.12051350
C     12.000000   -1.33003697    0.32272735    0.04515648
O     15.994915   -1.37119608    1.43642628    0.52536540
O     15.994915   -2.40157585   -0.33960713   -0.40901359
C     12.000000   -3.63784563    0.37959411   -0.27153998
H      1.007825   -4.39947852   -0.27618084   -0.67506237
H      1.007825   -3.83222787    0.59851058    0.77457848
H      1.007825   -3.59594099    1.31075114   -0.82929085
C     12.000000   -0.14724729   -1.73107180    0.83042409
H      1.007825    0.77570738   -2.29505287    0.72647999
H      1.007825   -0.25602646   -1.41105991    1.86589776
H      1.007825   -0.98830500   -2.36567300    0.56117292

Interatomic Distance Matrix (A)

        C0     H1     H2     H3     C4     N5     H6     O7     C8     H9   
C0     0.000  1.087  1.087  1.087  1.509  2.426  2.588  2.401  3.782  4.051
H1     1.087  0.000  1.774  1.755  2.122  3.140  3.374  2.703  4.420  4.732
H2     1.087  1.774  0.000  1.775  2.181  2.533  2.253  3.297  3.974  4.437
H3     1.087  1.755  1.775  0.000  2.122  3.135  3.316  2.710  4.389  4.428
C4     1.509  2.122  2.181  2.122  0.000  1.359  2.072  1.226  2.436  2.618
N5     2.426  3.140  2.533  3.135  1.359  0.000  1.007  2.263  1.442  2.074
H6     2.588  3.374  2.253  3.316  2.072  1.007  0.000  3.167  2.099  2.851
O7     2.401  2.703  3.297  2.710  1.226  2.263  3.167  0.000  2.758  2.555
C8     3.782  4.420  3.974  4.389  2.436  1.442  2.099  2.758  0.000  1.091
H9     4.051  4.732  4.437  4.428  2.618  2.074  2.851  2.555  1.091  0.000
C10    4.751  5.513  4.640  5.326  3.647  2.380  2.422  4.181  1.511  2.131
O11    4.771  5.583  4.387  5.361  3.997  2.670  2.219  4.803  2.418  3.141
O12    5.954  6.694  5.936  6.467  4.717  3.568  3.747  5.002  2.352  2.565
C13    7.046  7.840  6.864  7.545  5.945  4.707  4.643  6.354  3.674  3.943
H14    7.917  8.688  7.819  8.387  6.719  5.551  5.604  6.979  4.367  4.468
H15    7.241  7.970  6.945  7.854  6.232  4.914  4.713  6.759  4.009  4.523
H16    7.033  7.924  6.780  7.420  6.064  4.855  4.667  6.561  4.031  4.216
C17    4.527  4.853  4.798  5.295  3.180  2.466  3.131  3.223  1.529  2.144
H18    4.262  4.401  4.740  5.004  2.923  2.696  3.532  2.660  2.139  2.464
H19    4.704  4.944  4.784  5.610  3.584  2.732  3.117  3.883  2.159  3.049
H20    5.542  5.896  5.831  6.241  4.132  3.401  4.037  4.014  2.165  2.470

        C10    O11    O12    C13    H14    H15    H16    C17    H18    H19  
C0     4.751  4.771  5.954  7.046  7.917  7.241  7.033  4.527  4.262  4.704
H1     5.513  5.583  6.694  7.840  8.688  7.970  7.924  4.853  4.401  4.944
H2     4.640  4.387  5.936  6.864  7.819  6.945  6.780  4.798  4.740  4.784
H3     5.326  5.361  6.467  7.545  8.387  7.854  7.420  5.295  5.004  5.610
C4     3.647  3.997  4.717  5.945  6.719  6.232  6.064  3.180  2.923  3.584
N5     2.380  2.670  3.568  4.707  5.551  4.914  4.855  2.466  2.696  2.732
H6     2.422  2.219  3.747  4.643  5.604  4.713  4.667  3.131  3.532  3.117
O7     4.181  4.803  5.002  6.354  6.979  6.759  6.561  3.223  2.660  3.883
C8     1.511  2.418  2.352  3.674  4.367  4.009  4.031  1.529  2.139  2.159
H9     2.131  3.141  2.565  3.943  4.468  4.523  4.216  2.144  2.464  3.049
C10    0.000  1.214  1.339  2.330  3.209  2.621  2.622  2.497  3.428  2.734
O11    1.214  0.000  2.256  2.625  3.680  2.612  2.608  3.409  4.310  3.339
O12    1.339  2.256  0.000  1.437  2.017  2.080  2.080  2.925  3.900  3.306
C13    2.330  2.625  1.437  0.000  1.083  1.086  1.086  4.225  5.256  4.383
H14    3.209  3.680  2.017  1.083  0.000  1.786  1.785  4.740  5.729  4.991
H15    2.621  2.612  2.080  1.086  1.786  0.000  1.771  4.360  5.441  4.245
H16    2.622  2.608  2.080  1.086  1.785  1.771  0.000  4.889  5.877  5.082
C17    2.497  3.409  2.925  4.225  4.740  4.360  4.889  0.000  1.087  1.089
H18    3.428  4.310  3.900  5.256  5.729  5.441  5.877  1.087  0.000  1.773
H19    2.734  3.339  3.306  4.383  4.991  4.245  5.082  1.089  1.773  0.000
H20    2.759  3.821  2.654  3.905  4.187  4.113  4.717  1.087  1.773  1.775

        H20  
C0     5.542
H1     5.896
H2     5.831
H3     6.241
C4     4.132
N5     3.401
H6     4.037
O7     4.014
C8     2.165
H9     2.470
C10    2.759
O11    3.821
O12    2.654
C13    3.905
H14    4.187
H15    4.113
H16    4.717
C17    1.087
H18    1.773
H19    1.775
H20    0.000

Principal Axis Rotational Constants
A         3014.4997 MHz
B          675.2219 MHz
C          599.4919 MHz
------------------------
A       0.100552886 cm-1
B       0.022522979 cm-1
C       0.019996899 cm-1

Second moments and Inertial Defect
Paa      711.913184438 amu A^2
Pbb      131.098991636 amu A^2
Pcc       36.550390296 amu A^2
Delta    -73.100780593 amu A^2

Natural Abundance:      0.926227

Rotor atoms: ['C13', 'H14', 'H15', 'H16']

Rotor Rotational Constants
A  270031.9408 MHz
B  265006.2368 MHz
C  158151.2522 MHz
------------------------
A  9.007296000 cm-1
B  8.839656561 cm-1
C  5.275357934 cm-1

I_alpha = 3.195542

Rotor Axis
lambda_a    0.8892171
lambda_b   -0.4521327
lambda_c   -0.0697782

rho Axis
rho_a       0.0169492
rho_b      -0.0019304
rho_c      -0.0002645
|rho|       0.0170609
r           0.9840372

PAM-RAM rotation matrix
 0.993457425  0.113145867  0.015503477 
-0.113145867  0.993577998 -0.000879956 
-0.015503477 -0.000879956  0.999879427 

Rho Axis System Parameters
rho        0.017060869
F          160716.7411 MHz
A_ram        2994.7771 MHz
B_ram         670.8856 MHz
C_ram         599.4197 MHz
D_ab         -264.6796 MHz
D_bc           -1.1217 MHz
D_ac          -37.4410 MHz
------------------------
F          5.360933432 cm-1
A_ram      0.099895011 cm-1
B_ram      0.022378336 cm-1
C_ram      0.019994488 cm-1
D_ab      -0.008828762 cm-1
D_bc      -0.000037416 cm-1
D_ac      -0.001248898 cm-1

Combined Axis System Parameters
              Ir            IIr            IIIr      unit
delta        0.4751654      2.0399513      1.6406312 rad
epsilon      0.1531231      1.6491073      2.6711987 rad
beta         0.1144528      1.6841850      1.5863004 rad
gamma        0.1361740      1.5864006      3.0281903 rad
------------------------
delta         27.22497      116.88060       94.00125 deg
epsilon        8.77331       94.48689      153.04841 deg
beta           6.55766       96.49669       90.88832 deg
gamma          7.80220       90.89406      173.50252 deg

              Il            IIl            IIIl      unit
delta        0.4751654      2.0399513      1.6406312 rad
epsilon      1.4176733      3.0632817      2.0411903 rad
beta         0.1144528      1.6841850      1.5863004 rad
gamma        1.4346223      3.1259883      1.6841987 rad
------------------------
delta         27.22497      116.88060       94.00125 deg
epsilon       81.22669      175.51311      116.95159 deg
beta           6.55766       96.49669       90.88832 deg
gamma         82.19780      179.10594       96.49748 deg

