Initial coordinates
Atom   Mass        X (A)         Y (A)         Z (A)
C     13.003355   -3.24962974   -1.06846312    0.10394692
H      2.014102   -4.02487674   -0.61775012    0.71863092
H      2.014102   -2.85261474   -1.94455012    0.61041592
H      2.014102   -3.70776574   -1.37063112   -0.83476108
C     12.000000   -2.20109474   -0.02331212   -0.18931108
N     14.003074   -0.93958874   -0.33380712    0.20868792
H      1.007825   -0.71188874   -1.24138212    0.58110992
O     15.994915   -2.46702574    1.03721088   -0.74368608
C     12.000000    0.16373826    0.55130688   -0.07187508
H      1.007825    0.06288126    0.93731488   -1.08704808
C     12.000000    1.43197626   -0.26465612    0.01794592
O     15.994915    1.49741226   -1.39679112    0.44992792
O     15.994915    2.48755026    0.43638688   -0.41501508
C     12.000000    3.73791626   -0.26466912   -0.31694508
H      1.007825    4.48416026    0.42184988   -0.69742808
H      1.007825    3.94441326   -0.52416612    0.71750792
H      1.007825    3.70888626   -1.17189912   -0.91359108
C     12.000000    0.21759526    1.73133788    0.89829492
H      1.007825   -0.71639274    2.28179888    0.82492292
H      1.007825    0.34029026    1.36969988    1.91839792
H      1.007825    1.04468026    2.39248988    0.65050192

Principal Axis Coordinates
Atom   Mass        a (A)         b (A)         c (A)
C     13.003355    3.26002281   -1.03923327    0.06897338
H      2.014102    4.02786868   -0.61037148    0.70809529
H      2.014102    2.86987948   -1.94234290    0.53140325
H      2.014102    3.72536335   -1.29185979   -0.88076597
C     12.000000    2.20202543    0.00798631   -0.17950039
N     14.003074    0.94206942   -0.33380347    0.19719354
H      1.007825    0.72214271   -1.26028836    0.52505907
O     15.994915    2.45939472    1.09626078   -0.68167535
C     12.000000   -0.16911652    0.55241039   -0.04645307
H      1.007825   -0.06781681    0.98716028   -1.04168240
C     12.000000   -1.42922668   -0.27969545   -0.00158294
O     15.994915   -1.48483724   -1.43165925    0.37591782
O     15.994915   -2.49009160    0.43037986   -0.40594868
C     12.000000   -3.73355566   -0.28716483   -0.34730453
H      1.007825   -4.48518948    0.40904535   -0.69843663
H      1.007825   -3.94188179   -0.59753734    0.67266696
H      1.007825   -3.69253167   -1.16471817   -0.98614146
C     12.000000   -0.23942245    1.68446630    0.97829571
H      1.007825    0.68913334    2.24721785    0.93564400
H      1.007825   -0.36283246    1.27360262    1.97949861
H      1.007825   -1.07221039    2.34822395    0.75810724

Interatomic Distance Matrix (A)

        C0     H1     H2     H3     C4     N5     H6     O7     C8     H9   
C0     0.000  1.087  1.087  1.087  1.509  2.426  2.588  2.401  3.782  4.051
H1     1.087  0.000  1.774  1.755  2.122  3.140  3.374  2.703  4.420  4.732
H2     1.087  1.774  0.000  1.775  2.181  2.533  2.253  3.297  3.974  4.437
H3     1.087  1.755  1.775  0.000  2.122  3.135  3.316  2.710  4.389  4.428
C4     1.509  2.122  2.181  2.122  0.000  1.359  2.072  1.226  2.436  2.618
N5     2.426  3.140  2.533  3.135  1.359  0.000  1.007  2.263  1.442  2.074
H6     2.588  3.374  2.253  3.316  2.072  1.007  0.000  3.167  2.099  2.851
O7     2.401  2.703  3.297  2.710  1.226  2.263  3.167  0.000  2.758  2.555
C8     3.782  4.420  3.974  4.389  2.436  1.442  2.099  2.758  0.000  1.091
H9     4.051  4.732  4.437  4.428  2.618  2.074  2.851  2.555  1.091  0.000
C10    4.751  5.513  4.640  5.326  3.647  2.380  2.422  4.181  1.511  2.131
O11    4.771  5.583  4.387  5.361  3.997  2.670  2.219  4.803  2.418  3.141
O12    5.954  6.694  5.936  6.467  4.717  3.568  3.747  5.002  2.352  2.565
C13    7.046  7.840  6.864  7.545  5.945  4.707  4.643  6.354  3.674  3.943
H14    7.917  8.688  7.819  8.387  6.719  5.551  5.604  6.979  4.367  4.468
H15    7.241  7.970  6.945  7.854  6.232  4.914  4.713  6.759  4.009  4.523
H16    7.033  7.924  6.780  7.420  6.064  4.855  4.667  6.561  4.031  4.216
C17    4.527  4.853  4.798  5.295  3.180  2.466  3.131  3.223  1.529  2.144
H18    4.262  4.401  4.740  5.004  2.923  2.696  3.532  2.660  2.139  2.464
H19    4.704  4.944  4.784  5.610  3.584  2.732  3.117  3.883  2.159  3.049
H20    5.542  5.896  5.831  6.241  4.132  3.401  4.037  4.014  2.165  2.470

        C10    O11    O12    C13    H14    H15    H16    C17    H18    H19  
C0     4.751  4.771  5.954  7.046  7.917  7.241  7.033  4.527  4.262  4.704
H1     5.513  5.583  6.694  7.840  8.688  7.970  7.924  4.853  4.401  4.944
H2     4.640  4.387  5.936  6.864  7.819  6.945  6.780  4.798  4.740  4.784
H3     5.326  5.361  6.467  7.545  8.387  7.854  7.420  5.295  5.004  5.610
C4     3.647  3.997  4.717  5.945  6.719  6.232  6.064  3.180  2.923  3.584
N5     2.380  2.670  3.568  4.707  5.551  4.914  4.855  2.466  2.696  2.732
H6     2.422  2.219  3.747  4.643  5.604  4.713  4.667  3.131  3.532  3.117
O7     4.181  4.803  5.002  6.354  6.979  6.759  6.561  3.223  2.660  3.883
C8     1.511  2.418  2.352  3.674  4.367  4.009  4.031  1.529  2.139  2.159
H9     2.131  3.141  2.565  3.943  4.468  4.523  4.216  2.144  2.464  3.049
C10    0.000  1.214  1.339  2.330  3.209  2.621  2.622  2.497  3.428  2.734
O11    1.214  0.000  2.256  2.625  3.680  2.612  2.608  3.409  4.310  3.339
O12    1.339  2.256  0.000  1.437  2.017  2.080  2.080  2.925  3.900  3.306
C13    2.330  2.625  1.437  0.000  1.083  1.086  1.086  4.225  5.256  4.383
H14    3.209  3.680  2.017  1.083  0.000  1.786  1.785  4.740  5.729  4.991
H15    2.621  2.612  2.080  1.086  1.786  0.000  1.771  4.360  5.441  4.245
H16    2.622  2.608  2.080  1.086  1.785  1.771  0.000  4.889  5.877  5.082
C17    2.497  3.409  2.925  4.225  4.740  4.360  4.889  0.000  1.087  1.089
H18    3.428  4.310  3.900  5.256  5.729  5.441  5.877  1.087  0.000  1.773
H19    2.734  3.339  3.306  4.383  4.991  4.245  5.082  1.089  1.773  0.000
H20    2.759  3.821  2.654  3.905  4.187  4.113  4.717  1.087  1.773  1.775

        H20  
C0     5.542
H1     5.896
H2     5.831
H3     6.241
C4     4.132
N5     3.401
H6     4.037
O7     4.014
C8     2.165
H9     2.470
C10    2.759
O11    3.821
O12    2.654
C13    3.905
H14    4.187
H15    4.113
H16    4.717
C17    1.087
H18    1.773
H19    1.775
H20    0.000

Principal Axis Rotational Constants
A         2858.2480 MHz
B          631.6127 MHz
C          561.0998 MHz
------------------------
A       0.095340890 cm-1
B       0.021068331 cm-1
C       0.018716275 cm-1

Second moments and Inertial Defect
Paa      762.010006702 amu A^2
Pbb      138.683584577 amu A^2
Pcc       38.130678164 amu A^2
Delta    -76.261356327 amu A^2

Rotor atoms: [0 1 2 3]

Rotor Rotational Constants
A  137318.3659 MHz
B  134013.5112 MHz
C   80283.0027 MHz
------------------------
A  4.580447648 cm-1
B  4.470209559 cm-1
C  2.677952715 cm-1

I_alpha = 6.294969

Rotor Axis
lambda_a   -0.7346007
lambda_b    0.6629608
lambda_c   -0.1443771

Rotor Axis angle with respect to principal axes
theta_a     0.6784997 rad
theta_b     0.7486541 rad
theta_c     0.9895227 rad
------------------------
theta_a      38.87517 deg
theta_b      42.89472 deg
theta_c      56.69548 deg

rho Axis
rho_a      -0.0261534
rho_b       0.0052157
rho_c      -0.0010091
r           0.9771842

RAM Rotation Vector
Ra   -0.0000000 rad
Rb    0.0378101 rad
Rc    0.1954374 rad
------------------------
Ra     -0.00000 deg
Rb      2.16636 deg
Rc     11.19774 deg

Rho Axis System Parameters
rho        0.026687465
F           82157.4910 MHz
A_ram        2801.8051 MHz
B_ram         619.5900 MHz
C_ram         560.7001 MHz
D_ab          554.9268 MHz
D_bc            2.3260 MHz
D_ac         -107.3583 MHz
------------------------
F          2.740478915 cm-1
A_ram      0.093458159 cm-1
B_ram      0.020667298 cm-1
C_ram      0.018702941 cm-1
D_ab       0.018510366 cm-1
D_bc       0.000077586 cm-1
D_ac      -0.003581086 cm-1
