Initial coordinates
Atom   Mass        X (A)         Y (A)         Z (A)
C     12.000000    0.13614694    0.41789221   -0.00000089
C     12.000000   -1.26502406   -0.13341379   -0.00000089
O     15.994915    1.13909294   -0.26189179    0.00000111
H      1.007825    0.20910394    1.52308621   -0.00000389
H      1.007825   -1.24420006   -1.22168879   -0.00017589
H      1.007825   -1.80083906    0.23374921    0.87951411
H      1.007825   -1.80095006    0.23403021   -0.87933089

Principal Axis Coordinates
Atom   Mass        a (A)         b (A)         c (A)
C     12.000000   -0.12530134    0.42127125   -0.00000075
C     12.000000    1.26115353   -0.16606288   -0.00000048
O     15.994915   -1.14548087   -0.23236526    0.00000057
H      1.007825   -0.16967101    1.52798162   -0.00000329
H      1.007825    1.21221079   -1.25343619   -0.00017596
H      1.007825    1.80627829    0.18712934    0.87951489
H      1.007825    1.80639719    0.18740814   -0.87933011

Interatomic Distance Matrix (A)

        C0     C1     O2     H3     H4     H5     H6   
C0     0.000  1.506  1.212  1.108  2.143  2.135  2.135
C1     1.506  0.000  2.408  2.217  1.088  1.093  1.093
O2     1.212  2.408  0.000  2.013  2.569  3.108  3.109
H3     1.108  2.217  2.013  0.000  3.106  2.545  2.545
H4     2.143  1.088  2.569  3.106  0.000  1.789  1.789
H5     2.135  1.093  3.108  2.545  1.789  0.000  1.759
H6     2.135  1.093  3.109  2.545  1.789  1.759  0.000

Principal Axis Rotational Constants
A        56847.1872 MHz
B        10126.3203 MHz
C         9076.5140 MHz
------------------------
A       1.896218057 cm-1
B       0.337777686 cm-1
C       0.302759918 cm-1

Second moments and Inertial Defect
Paa       48.348596977 amu A^2
Pbb        7.331260768 amu A^2
Pcc        1.558871423 amu A^2
Delta     -3.117742846 amu A^2

Rotor atoms: [1 4 5 6]

Rotor Rotational Constants
A  267664.4874 MHz
B  257627.4898 MHz
C  158361.3753 MHz
------------------------
A  8.928326256 cm-1
B  8.593528052 cm-1
C  5.282366888 cm-1

I_alpha = 3.191302

Rotor Axis
lambda_a   -0.9205062
lambda_b    0.3907280
lambda_c   -0.0000002

Rotor Axis angle with respect to principal axes
theta_a     0.3907280 rad
theta_b     0.9205062 rad
theta_c     1.0000000 rad
------------------------
theta_a      22.38706 deg
theta_b      52.74112 deg
theta_c      57.29578 deg

rho Axis
rho_a      -0.3304353
rho_b       0.0249849
rho_c      -0.0000000
r           0.6860700

RAM Rotation Vector
Ra   -0.0000000 rad
Rb    0.0000000 rad
Rc    0.0753967 rad
------------------------
Ra     -0.00000 deg
Rb      0.00000 deg
Rc      4.31991 deg

Rho Axis System Parameters
rho        0.331378528
F          230823.9398 MHz
A_ram       56685.6851 MHz
B_ram       10097.5515 MHz
C_ram        9076.5140 MHz
D_ab         4282.0325 MHz
D_bc            0.0000 MHz
D_ac           -0.0024 MHz
------------------------
F          7.699457864 cm-1
A_ram      1.890830926 cm-1
B_ram      0.336818064 cm-1
C_ram      0.302759918 cm-1
D_ab       0.142833228 cm-1
D_bc       0.000000001 cm-1
D_ac      -0.000000081 cm-1
