Initial coordinates
Atom   Mass        X (A)         Y (A)         Z (A)
C     12.000000    0.13614694    0.41789221   -0.00000089
C     12.000000   -1.26502406   -0.13341379   -0.00000089
O     15.994915    1.13909294   -0.26189179    0.00000111
H      1.007825    0.20910394    1.52308621   -0.00000389
H      1.007825   -1.24420006   -1.22168879   -0.00017589
H      1.007825   -1.80083906    0.23374921    0.87951411
H      1.007825   -1.80095006    0.23403021   -0.87933089

Principal Axis Coordinates
Atom   Mass        a (A)         b (A)         c (A)
C     12.000000    0.14690160    0.41423401   -0.00000102
C     12.000000   -1.26804950   -0.10067557   -0.00000131
O     15.994915    1.13194406   -0.29124336    0.00000166
H      1.007825    0.24839718    1.51717333   -0.00000447
H      1.007825   -1.27535815   -1.18912525   -0.00017584
H      1.007825   -1.79419679    0.28021294    0.87951332
H      1.007825   -1.79429983    0.28049593   -0.87933168

Interatomic Distance Matrix (A)

        C0     C1     O2     H3     H4     H5     H6   
C0     0.000  1.506  1.212  1.108  2.143  2.135  2.135
C1     1.506  0.000  2.408  2.217  1.088  1.093  1.093
O2     1.212  2.408  0.000  2.013  2.569  3.108  3.109
H3     1.108  2.217  2.013  0.000  3.106  2.545  2.545
H4     2.143  1.088  2.569  3.106  0.000  1.789  1.789
H5     2.135  1.093  3.108  2.545  1.789  0.000  1.759
H6     2.135  1.093  3.109  2.545  1.789  1.759  0.000

Principal Axis Rotational Constants
A        56847.1872 MHz
B        10126.3203 MHz
C         9076.5140 MHz
------------------------
A       1.896218057 cm-1
B       0.337777686 cm-1
C       0.302759918 cm-1

Second moments and Inertial Defect
Paa       48.348596977 amu A^2
Pbb        7.331260768 amu A^2
Pcc        1.558871423 amu A^2
Delta     -3.117742846 amu A^2

Natural Abundance:      0.975967

Rotor atoms: ['C1', 'H4', 'H5', 'H6']

Rotor Rotational Constants
A  267664.4874 MHz
B  257627.4898 MHz
C  158361.3753 MHz
------------------------
A  8.928326256 cm-1
B  8.593528052 cm-1
C  5.282366888 cm-1

I_alpha = 3.191302

Rotor Axis
lambda_a   -0.9394660
lambda_b   -0.3426422
lambda_c   -0.0000001

rho Axis
rho_a      -0.3372413
rho_b      -0.0219100
rho_c      -0.0000000
|rho|       0.3379523
r           0.6756660

PAM-RAM rotation matrix
-0.997896208  0.064831772  0.000000023 
-0.064831772 -0.997896208 -0.000000705 
-0.000000023 -0.000000705  1.000000000 

Rho Axis System Parameters
rho        0.337952291
F          234378.2055 MHz
A_ram       56727.5926 MHz
B_ram       10105.0166 MHz
C_ram        9076.5140 MHz
D_ab        -3028.9966 MHz
D_bc           -0.0135 MHz
D_ac           -0.0011 MHz
------------------------
F          7.818015404 cm-1
A_ram      1.892228808 cm-1
B_ram      0.337067072 cm-1
C_ram      0.302759918 cm-1
D_ab      -0.101036451 cm-1
D_bc      -0.000000452 cm-1
D_ac      -0.000000036 cm-1

Combined Axis System Parameters
              Ir            IIr            IIIr      unit
delta        2.7918647      1.9205243      1.5707965 rad
epsilon      0.0000004      1.5707962      0.3497279 rad
gamma        3.0767154      1.6356736      1.5707963 rad
beta         0.0000004      1.5707963      0.0648773 rad
------------------------
delta        159.96206      110.03794       90.00001 deg
epsilon        0.00002       89.99999       20.03794 deg
gamma        176.28281       93.71719       90.00000 deg
beta           0.00002       90.00000        3.71719 deg

              Il            IIl            IIIl      unit
delta        2.7918647      1.9205243      1.5707965 rad
epsilon      1.5707959      0.0000001      1.2210684 rad
gamma        3.0767154      1.6356736      1.5707963 rad
beta         1.5707960      0.0000000      1.5059191 rad
------------------------
delta        159.96206      110.03794       90.00001 deg
epsilon       89.99998        0.00001       69.96206 deg
gamma        176.28281       93.71719       90.00000 deg
beta          89.99998        0.00000       86.28281 deg

